StartTime: 2021-09-13 17:08:01.572
address	Time(s)	ax(g)	ay(g)	az(g)	wx(deg/s)	wy(deg/s)	wz(deg/s)	AngleX(deg)	AngleY(deg)	AngleZ(deg)	T(°) 
0x50	17:08:29.741	0.2749	-0.3628	-1.2349	166.4429	363.4644	192.8711	-46.9116	50.3888	-134.1156	0.0000 
0x50	17:08:29.781	0.4038	0.2432	-4.1064	-121.3379	-231.2622	25.5127	-50.2130	58.0078	-139.3231	0.0000 
0x50	17:08:29.853	0.5830	1.0127	-0.0122	88.0127	-500.4272	-154.9683	-40.6439	47.8674	-125.2826	0.0000 
0x50	17:08:29.861	0.2422	-0.7617	2.5249	-35.3394	-380.3101	-260.4980	-35.1892	29.9213	-120.6628	0.0000 
0x50	17:08:29.901	-0.7012	-1.4478	4.5151	-37.5977	-65.9790	-157.0435	-38.9355	14.2383	-123.6072	0.0000 
0x50	17:08:29.941	-0.2690	-1.8486	2.9873	-47.7905	196.2891	76.9043	-39.1388	14.4196	-128.8147	0.0000 
0x50	17:08:29.981	-0.4956	-0.4028	2.1431	-262.5732	349.3042	103.8208	-46.5106	23.3624	-134.9066	0.0000 
0x50	17:08:30.021	-0.0820	0.2261	1.2871	-138.9160	526.7944	152.1606	-62.1716	35.9637	-149.5679	0.0000 
0x50	17:08:30.123	0.5518	-0.0347	-0.1465	-15.3809	529.4800	199.9512	-81.4362	48.1366	-175.7208	0.0000 
0x50	17:08:30.124	0.9922	0.4595	-1.7446	-218.5059	346.9849	109.8633	-106.2433	52.5586	154.8138	0.0000 
0x50	17:08:30.141	1.0996	1.1548	-3.2544	-51.7578	-42.8467	-209.4116	-117.9602	46.0822	147.4255	0.0000 
0x50	17:08:30.181	1.1719	0.4253	-1.4463	277.0996	-453.6743	-43.0298	-103.6725	45.5603	161.7242	0.0000 
0x50	17:08:30.221	0.7280	1.0459	0.7168	309.2651	-602.1118	19.3481	-69.2249	47.1259	-169.0521	0.0000 
0x50	17:08:30.278	0.7080	-0.1885	1.9917	-80.5664	-541.5649	-380.7983	-49.8395	30.9540	-148.2935	0.0000 
0x50	17:08:30.301	-0.8823	-2.0396	4.6333	77.3926	-340.2100	255.8594	-50.3888	10.7886	-139.5648	0.0000 
0x50	17:08:30.340	-0.5005	-2.5137	2.9434	157.2266	230.5908	124.6948	-45.5603	14.1339	-136.8018	0.0000 
0x50	17:08:30.401	-0.4121	-0.7227	1.7192	-305.7861	173.7061	140.8691	-49.0375	23.8403	-140.4053	0.0000 
0x50	17:08:30.466	-0.8647	0.3535	1.6050	-190.9790	302.6733	189.0869	-62.3694	32.6349	-146.6785	0.0000 
0x50	17:08:30.501	-0.2314	0.2104	0.6025	24.6582	457.3364	242.4927	-73.9655	45.6317	-162.5208	0.0000 
0x50	17:08:30.521	0.6616	-0.0747	-0.3340	43.5791	524.6582	303.4058	-94.4879	57.7167	166.7120	0.0000 
0x50	17:08:30.561	2.0205	1.7290	-3.7051	-187.2559	109.1309	-76.5381	-119.3719	55.9314	141.4490	0.0000 
0x50	17:08:30.601	0.9756	0.8267	-1.7241	145.2026	-398.7427	-101.5625	-107.7924	57.1674	157.1045	0.0000 
0x50	17:08:30.661	-0.2451	0.9590	1.0259	222.4731	-440.9790	-213.5620	-74.1962	53.7451	-173.7817	0.0000 
0x50	17:08:30.701	-0.1558	-1.1172	1.6201	-110.4736	-383.8501	-559.2041	-64.9512	34.0027	-163.6523	0.0000 
0x50	17:08:30.721	-0.8042	-3.6719	3.0415	-83.3740	-181.7627	-303.8330	-70.3400	10.1239	-159.7412	0.0000 
0x50	17:08:30.781	-0.1592	-2.8892	1.6274	2.9297	182.2510	258.9722	-68.2031	16.1389	-163.7787	0.0000 
0x50	17:08:30.844	-0.5815	-0.9292	1.2217	-233.7646	172.3633	161.5601	-76.0913	25.1367	-168.7225	0.0000 
0x50	17:08:30.844	-0.4277	0.1289	0.5029	-88.9893	327.3926	427.9175	-87.1710	37.5403	-179.7198	0.0000 
0x50	17:08:30.889	1.5640	0.9585	-1.1597	-67.6270	452.3926	593.8110	-110.0116	58.0078	150.6335	0.0000 
0x50	17:08:30.921	1.1357	2.7490	-2.5874	-56.2134	-132.8125	-329.4678	-116.6034	52.8387	148.8373	0.0000 
0x50	17:08:30.961	0.2168	0.5811	0.0034	234.3140	-264.4653	-395.9961	-95.5316	42.6105	167.1570	0.0000 
0x50	17:08:31.000	-0.0811	-0.6992	1.2988	219.8486	-271.9727	-618.5303	-79.2938	20.9729	178.1598	0.0000 
0x50	17:08:31.040	-0.1772	-3.5649	1.9268	-83.0688	-168.0298	-353.3325	-78.8654	-0.6757	-178.3521	0.0000 
0x50	17:08:31.080	0.3154	-3.4980	1.0010	-2.3804	60.5469	147.6440	-79.0137	0.3131	179.8462	0.0000 
0x50	17:08:31.121	-0.5352	-1.3623	0.9912	-157.0435	61.7676	208.1909	-83.9685	8.4650	178.3026	0.0000 
0x50	17:08:31.161	-0.7012	-0.3979	0.6191	-111.6333	196.5942	395.7520	-90.2362	21.5332	171.6888	0.0000 
0x50	17:08:31.201	0.5420	0.5776	-0.4580	-52.4902	336.4868	596.9238	-100.8600	42.2919	154.2371	0.0000 
0x50	17:08:31.262	0.6890	3.1172	-2.7446	-197.8149	-86.3647	-153.8086	-111.0608	45.7581	149.0515	0.0000 
0x50	17:08:31.301	0.0498	0.4194	0.1934	280.1514	-266.4185	-359.2529	-98.3826	35.2386	162.2845	0.0000 
0x50	17:08:31.321	0.0210	-2.8120	1.6411	167.1753	-259.5215	-501.8311	-82.4908	20.9509	173.5730	0.0000 
0x50	17:08:31.361	-0.6094	-3.4541	1.5752	-134.2163	-36.0718	-126.4648	-81.2164	4.8505	179.1321	0.0000 
0x50	17:08:31.401	-0.1250	-2.4121	0.7822	-100.1587	53.1006	289.0015	-83.1006	8.1464	177.0776	0.0000 
0x50	17:08:31.441	-0.6919	-0.7300	0.6260	-89.9048	177.1240	298.1567	-88.5168	19.3524	174.2816	0.0000 
0x50	17:08:31.498	-0.3213	0.0059	0.1406	-34.9731	278.9307	442.3218	-95.0867	32.2998	163.4546	0.0000 
0x50	17:08:31.520	1.0054	0.9160	-1.2524	-85.5713	296.9360	456.4819	-109.1382	47.9004	142.8497	0.0000 
0x50	17:08:31.561	0.5054	2.3330	-2.1182	-46.5698	-118.0420	-203.4302	-124.8376	52.4323	128.4796	0.0000 
0x50	17:08:31.601	0.0400	0.5928	-0.1592	169.0674	-281.7993	-384.9487	-111.2915	47.4500	144.1077	0.0000 
0x50	17:08:31.641	-0.2139	-0.8340	0.9907	208.9844	-298.6450	-546.8140	-91.9061	34.6179	162.1857	0.0000 
0x50	17:08:31.687	-1.0547	-3.0083	1.9312	-108.7036	-163.8184	-232.6050	-85.8032	17.6331	171.9250	0.0000 
0x50	17:08:31.742	-0.0483	-3.3032	0.8223	-24.7803	61.2793	186.3403	-86.7426	15.3149	171.3208	0.0000 
0x50	17:08:31.761	-0.8940	-1.2197	1.0107	-75.5005	137.3901	267.0898	-90.5603	24.0656	167.7448	0.0000 
0x50	17:08:31.801	-0.5137	-0.2666	0.5313	25.2075	323.3643	481.3232	-96.8280	38.2434	155.3687	0.0000 
0x50	17:08:31.877	1.0610	0.2334	-0.5669	12.2070	435.3027	586.1206	-116.5045	54.0417	125.3705	0.0000 
0x50	17:08:31.881	1.3398	2.8223	-2.8555	-290.4663	-44.9219	-262.5122	-138.9496	54.4208	106.3422	0.0000 
0x50	17:08:31.921	0.4951	0.7046	-0.5322	163.8794	-264.4043	-361.6333	-125.3870	49.6967	125.9692	0.0000 
0x50	17:08:31.981	-0.1445	-0.2012	0.8613	221.8018	-356.7505	-535.2783	-101.2335	39.9353	149.1998	0.0000 
0x50	17:08:32.001	-0.5928	-3.3042	2.1479	-86.5479	-263.8550	-468.2617	-89.0991	17.1167	164.5477	0.0000 
0x50	17:08:32.041	0.1304	-4.3027	0.9668	-20.0806	76.5381	148.1323	-91.3953	9.0253	166.6296	0.0000 
0x50	17:08:32.081	-0.6299	-1.1855	0.9453	-157.4707	103.8818	244.3848	-96.4984	18.7866	162.1637	0.0000 
0x50	17:08:32.121	-0.5527	-0.3672	0.6631	-143.3716	228.1494	331.9092	-105.8368	28.0316	151.8915	0.0000 
0x50	17:08:32.181	0.9028	0.1860	-0.1030	21.4844	448.9746	671.2036	-121.7944	41.6986	124.9585	0.0000 
0x50	17:08:32.200	2.0713	2.4639	-3.5249	-280.2734	34.3628	67.4438	-143.2452	46.0657	101.4917	0.0000 
0x50	17:08:32.241	0.6929	1.2578	-0.8765	164.6729	-252.7466	-323.1201	-133.3740	45.4779	116.5210	0.0000 
0x50	17:08:32.307	0.0698	0.2168	0.4482	244.0796	-367.6758	-400.2075	-109.3579	40.3967	139.2737	0.0000 
0x50	17:08:32.321	-0.3491	-2.5054	1.6958	192.3218	-290.3442	-603.8818	-89.8846	21.1597	158.0328	0.0000 
0x50	17:08:32.361	-0.3579	-4.1421	1.7363	-44.6167	-36.4380	-171.3257	-87.8412	6.5314	164.3774	0.0000 
0x50	17:08:32.401	-0.1030	-2.4609	0.9663	-152.9541	29.5410	215.3320	-89.9066	12.4475	162.4658	0.0000 
0x50	17:08:32.440	-0.5205	-0.9043	0.8418	-219.9097	77.0264	224.8535	-98.4979	19.8468	159.5270	0.0000 
0x50	17:08:32.496	-0.0522	0.1133	0.4526	-21.3623	373.7793	675.5981	-110.2698	36.8591	141.2677	0.0000 
0x50	17:08:32.521	2.2739	2.9497	-3.3691	-317.5659	201.4771	310.1807	-137.4774	48.7463	110.0281	0.0000 
0x50	17:08:32.561	0.3706	2.1973	-0.6484	148.0103	-180.0537	-448.2422	-125.2606	41.3855	132.6160	0.0000 
0x50	17:08:32.601	0.0610	0.3135	0.4912	349.6094	-283.3862	-528.2593	-102.4475	28.8391	151.9684	0.0000 
0x50	17:08:32.641	0.1577	-3.3452	2.1553	207.2754	-214.1113	-468.0786	-86.6162	7.2235	163.1140	0.0000 
0x50	17:08:32.681	0.9043	-4.7358	0.9507	-44.3115	50.9033	-94.1772	-88.8464	-2.7246	163.8501	0.0000 
0x50	17:08:32.730	0.0000	-2.0801	1.0249	-179.5044	10.3149	185.4248	-93.8617	4.0869	162.8009	0.0000 
0x50	17:08:32.762	-0.4155	-0.6680	0.6943	-240.2344	85.0830	285.0342	-103.3044	13.5681	158.4229	0.0000 
0x50	17:08:32.801	0.4243	0.4673	0.1206	-91.1865	312.9883	688.4766	-114.4885	31.2506	139.7736	0.0000 
0x50	17:08:32.841	-0.0107	2.6484	-1.1797	126.3428	-102.6611	-396.3623	-123.2172	32.9700	137.6862	0.0000 
0x50	17:08:32.881	-0.0068	0.0981	0.1567	346.0693	-161.3770	-445.3125	-109.8193	21.5717	150.0183	0.0000 
0x50	17:08:32.920	-0.0166	-3.0239	1.5522	133.1787	-167.8467	-429.4434	-96.5588	7.3499	159.7028	0.0000 
0x50	17:08:32.962	0.8110	-4.1133	0.6167	-36.9873	17.7002	-41.5649	-94.4769	-5.7898	164.4598	0.0000 
0x50	17:08:33.021	0.0249	-1.9526	0.6948	-169.4946	26.1841	204.9561	-97.0752	-2.4225	162.7515	0.0000 
0x50	17:08:33.043	-0.2861	-0.7725	0.5264	-220.5200	96.5576	294.6167	-104.4800	5.7294	158.7524	0.0000 
0x50	17:08:33.106	0.2061	0.3394	0.0059	-77.8198	288.7573	653.6865	-113.2361	19.1162	146.3159	0.0000 
0x50	17:08:33.121	1.2539	2.6338	-2.8857	-73.8525	84.8999	329.5288	-126.2439	34.5630	123.2007	0.0000 
0x50	17:08:33.181	0.2466	1.3604	-0.7695	193.6035	-242.3706	-302.9175	-125.0574	37.3810	124.1455	0.0000 
0x50	17:08:33.201	-0.3994	-0.1851	0.8828	174.3774	-337.2803	-544.4336	-107.5012	29.8004	141.9324	0.0000 
0x50	17:08:33.261	0.1157	-3.2603	1.2847	-48.0957	-232.5439	-600.5249	-100.1514	7.0697	159.3842	0.0000 
0x50	17:08:33.301	0.4873	-4.2949	0.7891	98.8770	54.0161	203.2471	-99.4098	-1.4063	163.8336	0.0000 
0x50	17:08:33.344	-0.2480	-1.6572	0.7090	-198.6084	-0.9155	203.6133	-101.0907	7.4817	160.9991	0.0000 
0x50	17:08:33.381	-0.4082	-0.5942	0.5820	-187.6831	127.9907	343.5059	-109.8303	15.9027	155.7587	0.0000 
0x50	17:08:33.421	0.7061	0.3101	-0.0444	13.6719	328.3691	786.0718	-120.4047	31.7065	136.0931	0.0000 
0x50	17:08:33.460	1.9795	1.7471	-3.3623	-7.7515	76.0498	418.9453	-138.8562	46.2140	104.3152	0.0000 
0x50	17:08:33.536	0.6909	1.0371	-0.9956	74.6460	-273.1323	-259.7046	-134.3079	49.3176	110.4510	0.0000 
0x50	17:08:33.541	-0.6230	0.2803	0.7227	63.4155	-385.9863	-433.4106	-113.1976	46.5985	134.5111	0.0000 
0x50	17:08:33.581	-0.7813	-1.3589	1.2754	-156.9824	-201.4160	-881.1646	-101.2280	26.6089	156.0718	0.0000 
0x50	17:08:33.621	-0.3018	-4.7588	0.6123	-84.8389	-6.9580	-160.4614	-103.1616	7.0477	164.0039	0.0000 
0x50	17:08:33.661	0.0923	-2.4946	0.3643	-26.1230	97.0459	335.3882	-102.2772	15.9192	158.1866	0.0000 
0x50	17:08:33.721	-0.3081	-0.7017	0.5996	-204.8340	120.2393	341.4917	-111.4014	26.1365	150.5182	0.0000 
0x50	17:08:33.741	0.5225	0.3350	-0.2939	38.8794	261.4136	755.2490	-126.1835	41.8744	128.1226	0.0000 
0x50	17:08:33.781	1.6152	2.4858	-3.3926	2.5635	-5.3101	312.6221	-145.2283	54.0198	98.4155	0.0000 
0x50	17:08:33.822	0.4077	1.1118	-0.4175	16.2354	-236.1450	-600.2808	-129.1882	49.3781	121.0034	0.0000 
0x50	17:08:33.861	-0.4292	-0.5293	1.2212	158.6914	-194.4580	-753.4790	-109.1547	29.4104	146.7499	0.0000 
0x50	17:08:33.906	0.2871	-3.8599	1.1035	-8.9111	-111.2671	-414.7949	-101.5466	6.5314	159.0051	0.0000 
0x50	17:08:33.941	0.3115	-3.8481	0.3818	76.1719	69.5801	235.0464	-101.6510	5.3723	158.7195	0.0000 
0x50	17:08:33.981	-0.0610	-1.3716	0.3501	-176.1475	83.1299	268.9209	-104.9139	15.6830	152.8528	0.0000 
0x50	17:08:34.020	-0.0615	-0.2310	0.4756	-73.4863	183.1055	489.9902	-113.4998	28.4711	141.0974	0.0000 
0x50	17:08:34.105	0.6992	0.5601	-0.7339	60.3027	191.8945	707.6416	-127.0239	47.5928	115.5762	0.0000 
0x50	17:08:34.105	0.8076	2.3169	-2.8384	-100.5249	-48.9502	31.7993	-137.7246	53.0585	104.5239	0.0000 
0x50	17:08:34.141	0.0991	0.7656	-0.8291	17.3340	-183.6548	-448.4253	-124.5300	46.3293	122.9260	0.0000 
0x50	17:08:34.181	-0.4883	-0.4194	0.8350	36.7432	-195.7397	-678.8330	-110.6268	28.5425	144.0363	0.0000 
0x50	17:08:34.220	0.1494	-3.4272	0.6665	-88.8672	-94.5435	-495.4834	-109.6820	7.2510	156.5662	0.0000 
0x50	17:08:34.263	-0.0273	-3.8662	-0.0649	-15.7471	10.8032	84.8389	-112.8900	5.0153	157.4835	0.0000 
0x50	17:08:34.328	-0.2690	-1.5259	0.1338	-91.1865	31.1279	261.9019	-114.7797	14.0405	151.7596	0.0000 
0x50	17:08:34.341	-0.4131	-0.4600	0.3320	-99.7314	79.5898	373.3521	-121.7010	24.2249	142.8223	0.0000 
0x50	17:08:34.381	0.5625	1.8408	-1.5815	-39.6729	106.8726	367.7368	-130.3088	37.3755	124.4531	0.0000 
0x50	17:08:34.421	0.0537	2.0425	-1.2407	-65.3076	-36.9873	-371.5210	-136.1865	36.9690	121.2616	0.0000 
0x50	17:08:34.461	-0.0342	0.0132	-0.2129	103.2104	-73.2422	-552.3682	-129.3915	25.7025	135.6097	0.0000 
0x50	17:08:34.518	0.1050	-1.8682	0.4292	131.4697	-26.0620	-587.0361	-120.6848	9.7614	149.7327	0.0000 
0x50	17:08:34.541	0.5024	-3.3521	0.2041	-63.7817	-34.8511	-184.4482	-118.0646	-5.4657	159.0326	0.0000 
0x50	17:08:34.581	0.4028	-2.6338	-0.2397	51.4526	29.2358	285.4004	-118.2349	-5.3888	158.8129	0.0000 
0x50	17:08:34.622	-0.3154	-1.4048	0.2813	-50.8423	36.3159	376.4648	-117.9492	5.0153	152.1881	0.0000 
0x50	17:08:34.661	-0.1279	-0.4478	0.2183	40.1611	185.3638	579.1016	-120.1190	19.0173	139.6143	0.0000 
0x50	17:08:34.721	0.4355	0.4946	-0.6416	94.1772	266.1133	669.0674	-127.7051	34.5795	116.3727	0.0000 
0x50	17:08:34.758	0.8237	1.7505	-2.4355	5.7373	119.0796	121.9482	-140.8392	42.6434	90.6097	0.0000 
0x50	17:08:34.781	0.6450	0.8662	-1.7007	62.9272	-150.6348	-246.2769	-139.5648	39.6606	92.5269	0.0000 
0x50	17:08:34.841	0.2271	0.4883	-0.4531	139.1602	-321.7163	-335.2051	-125.6396	37.2437	109.4952	0.0000 
0x50	17:08:34.861	-0.2983	-0.0713	1.2256	190.9790	-297.1191	-516.7236	-108.4076	28.7842	130.0671	0.0000 
0x50	17:08:34.902	0.4990	-3.7344	1.1348	48.0347	-160.2783	-451.7822	-97.8387	8.7946	144.2340	0.0000 
0x50	17:08:34.944	-0.3696	-3.4116	1.0864	12.5732	41.3818	87.3413	-99.6295	1.8018	149.4250	0.0000 
0x50	17:08:34.981	-0.3047	-1.7275	0.3516	-40.5884	62.0117	289.1846	-97.7014	11.4752	144.3109	0.0000 
0x50	17:08:35.021	-0.8652	-0.5801	0.4761	-47.4854	148.2544	343.9331	-101.6180	22.0880	138.8562	0.0000 
0x50	17:08:35.060	-0.0884	0.1104	-0.2935	85.9375	240.4785	543.7622	-106.6498	37.2821	124.8761	0.0000 
0x50	17:08:35.130	-0.0586	1.6670	-1.3652	-214.0503	74.6460	97.7173	-118.8995	48.1256	110.0720	0.0000 
0x50	17:08:35.141	-0.4463	1.0054	-0.6582	14.9536	-17.2119	-304.5044	-122.5360	43.0280	112.8296	0.0000 
0x50	17:08:35.181	-0.3643	-0.3696	-0.1558	72.8149	-54.0161	-463.0127	-115.1038	30.0092	123.6621	0.0000 
0x50	17:08:35.241	-0.2886	-2.3892	0.1885	-27.2217	-40.2832	-360.5957	-111.3849	15.7104	132.2534	0.0000 
0x50	17:08:35.261	-0.3896	-2.3887	0.0977	-37.8418	45.3491	-9.9487	-113.0109	10.9204	134.4891	0.0000 
0x50	17:08:35.301	-0.2861	-1.6094	-0.1992	-29.6021	50.7813	200.9888	-114.1864	15.3644	130.3967	0.0000 
0x50	17:08:35.368	-0.4766	-0.8931	-0.0840	-4.0283	87.7686	285.0342	-117.0154	23.1042	123.6731	0.0000 
0x50	17:08:35.381	-0.2261	-0.2061	-0.3291	34.1187	120.9106	392.7002	-121.0364	33.3435	111.9836	0.0000 
0x50	17:08:35.441	-0.1865	1.1953	-1.2178	-155.3955	27.9541	114.9292	-129.4849	39.9683	102.7277	0.0000 
0x50	17:08:35.461	-0.3647	0.8945	-1.1563	-33.5693	-42.2363	-169.7388	-132.1765	37.6392	106.1060	0.0000 
0x50	17:08:35.501	-0.4385	0.0571	-0.7012	83.2520	-121.2769	-292.9077	-125.6946	32.1954	116.6144	0.0000 
0x50	17:08:35.557	-0.3940	-1.1572	-0.0649	91.0645	-120.7275	-381.7139	-116.7792	23.3679	128.9026	0.0000 
0x50	17:08:35.581	-0.4233	-2.4165	0.6030	-26.3672	-78.2471	-193.8477	-114.4446	15.4413	137.3785	0.0000 
0x50	17:08:35.641	-0.4268	-1.9785	0.0630	-17.8833	47.9126	147.8271	-115.5817	18.0780	135.2417	0.0000 
0x50	17:08:35.661	-0.5654	-1.0527	-0.0337	-29.5410	59.0210	245.1172	-118.6908	25.1807	129.1003	0.0000 
0x50	17:08:35.701	-0.3633	-0.4482	-0.1641	54.7485	119.9341	390.8691	-122.9974	34.9036	117.1747	0.0000 
0x50	17:08:35.745	-0.0479	0.2910	-0.7939	76.9043	113.2813	447.7539	-131.6931	46.3129	98.5034	0.0000 
0x50	17:08:35.781	-0.2930	1.8555	-1.6147	-158.5083	-58.1665	-53.8330	-138.9661	49.4604	94.5428	0.0000 
0x50	17:08:35.864	-0.3965	0.8379	-0.7935	-7.4463	-105.6519	-412.4146	-130.0562	42.1106	111.2970	0.0000 
0x50	17:08:35.864	-0.2705	-0.4546	-0.1064	140.3809	-139.8315	-480.9570	-116.8231	29.8608	128.4686	0.0000 
0x50	17:08:35.902	-0.2061	-2.8608	0.7090	80.2002	-109.1919	-372.3755	-108.9679	15.8478	140.0262	0.0000 
0x50	17:08:35.941	0.0742	-2.1909	-0.0386	-37.5977	66.4063	111.7554	-108.2043	14.7821	139.9713	0.0000 
0x50	17:08:35.982	-0.4419	-1.3042	0.2749	-109.1309	33.5083	148.0103	-111.7310	18.5944	137.0160	0.0000 
0x50	17:08:36.021	-0.3989	-0.8447	0.1553	-39.8560	117.9199	327.5146	-116.8176	24.8730	131.0065	0.0000 
0x50	17:08:36.061	-0.2012	-0.0938	-0.3394	93.6279	190.0024	488.8306	-123.1567	35.3650	116.7133	0.0000 
0x50	17:08:36.171	0.0288	0.5996	-1.2891	182.7393	142.8833	482.6050	-132.2699	46.6919	93.8892	0.0000 
0x50	17:08:36.172	0.0264	1.3223	-1.9961	-20.4468	10.9863	-27.7710	-142.0807	51.4764	76.5747	0.0000 
0x50	17:08:36.201	-0.1445	0.7173	-1.0327	67.1387	-178.4058	-162.2314	-137.8400	50.0317	82.8918	0.0000 
0x50	17:08:36.241	-0.5034	0.0601	-0.0474	43.3960	-303.5278	-256.2866	-123.5413	50.1910	99.8492	0.0000 
0x50	17:08:36.301	-0.5767	-1.6792	0.6538	-53.5889	-235.5347	-474.7314	-108.0341	42.1545	121.1407	0.0000 
0x50	17:08:36.321	-0.9854	-2.5869	1.2124	-149.0479	-78.2471	-199.5850	-105.1941	28.9984	135.7855	0.0000 
0x50	17:08:36.361	-0.4600	-2.1211	0.2554	5.7373	77.5757	163.4521	-106.2048	29.4873	134.6375	0.0000 
0x50	17:08:36.401	-0.6226	-1.0059	0.3027	-115.2344	59.2041	156.7993	-110.9125	34.3433	130.1276	0.0000 
0x50	17:08:36.441	-0.6084	-0.5454	0.1499	-20.6909	131.1035	306.8848	-118.5754	40.4736	121.8604	0.0000 
0x50	17:08:36.481	-0.1743	0.0479	-0.3506	128.6011	205.3833	527.3438	-130.3363	50.6030	101.0248	0.0000 
0x50	17:08:36.547	0.3838	1.1973	-1.4570	-51.8188	165.3442	275.2075	-151.7267	55.6842	72.1692	0.0000 
0x50	17:08:36.561	0.3057	1.3960	-1.6880	-32.8369	-56.0303	-176.9409	-158.3954	53.2123	68.2471	0.0000 
0x50	17:08:36.601	-0.0854	0.3457	-0.6992	33.0811	-229.1260	-314.0869	-144.8492	52.9211	86.0999	0.0000 
0x50	17:08:36.641	-0.5908	-0.7295	0.2324	-23.4375	-254.4556	-536.1328	-123.9752	48.3289	113.3405	0.0000 
0x50	17:08:36.682	-1.0239	-2.8589	0.9316	-114.0747	-138.6719	-394.5313	-113.5547	33.2886	134.9396	0.0000 
0x50	17:08:36.741	-0.7046	-2.4106	0.3501	82.6416	87.4634	188.7207	-111.6046	31.0034	137.8784	0.0000 
0x50	17:08:36.783	-0.6699	-1.1328	0.0024	-72.8760	59.2041	124.2676	-114.8730	35.7111	132.0062	0.0000 
0x50	17:08:36.801	-0.7876	-0.6147	0.2393	-65.9790	104.2480	184.5703	-121.5912	39.1058	125.6561	0.0000 
0x50	17:08:36.841	-0.2949	-0.0361	-0.1724	48.8281	195.7397	360.4736	-131.0504	44.9286	109.7864	0.0000 
0x50	17:08:36.881	0.3066	2.1113	-1.2217	-69.4580	181.6406	168.2739	-145.5853	46.6534	91.6919	0.0000 
0x50	17:08:36.921	0.2183	1.0488	-1.3071	36.8042	-35.6445	-273.9258	-144.6735	41.7096	94.0375	0.0000 
0x50	17:08:36.975	-0.3813	-0.4585	-0.3442	207.5806	-172.4243	-293.9453	-130.3253	38.0347	108.4186	0.0000 
0x50	17:08:37.001	-1.0425	-2.0347	0.5864	84.5337	-157.8979	-290.4053	-117.6306	31.4319	123.0579	0.0000 
0x50	17:08:37.040	-0.9634	-2.9678	0.5557	0.2441	18.4937	34.1797	-114.0051	28.6578	127.3975	0.0000 
0x50	17:08:37.080	-0.7388	-1.5308	0.0547	-93.0786	57.9224	142.8223	-117.9822	32.1240	123.3435	0.0000 
0x50	17:08:37.121	-0.7700	-0.7930	0.0786	-100.1587	75.5615	211.8530	-125.4089	36.8866	116.5594	0.0000 
0x50	17:08:37.224	-0.3867	-0.1431	-0.0928	-51.3916	133.3618	361.3892	-137.0984	43.6212	101.7059	0.0000 
0x50	17:08:37.224	0.3115	0.8828	-0.8481	-178.2837	126.7090	270.0195	-155.1379	46.8732	83.4961	0.0000 
0x50	17:08:37.241	0.1079	1.8989	-0.9785	-246.1548	-9.8877	-239.0747	-161.9769	43.8794	89.1046	0.0000 
0x50	17:08:37.281	-0.3535	0.7813	-0.7300	72.2046	-73.7305	-403.5645	-150.6445	40.1111	106.7212	0.0000 
0x50	17:08:37.321	-0.6440	-0.7046	-0.0879	138.1836	-66.6504	-622.6196	-132.9675	29.1412	128.5126	0.0000 
0x50	17:08:37.361	0.1533	-2.8735	-0.2026	-75.0122	-20.2637	-454.7119	-128.2379	13.1946	144.5746	0.0000 
0x50	17:08:37.405	0.2017	-2.4692	-0.5952	-21.4844	17.7002	91.0034	-130.3857	12.0026	145.4041	0.0000 
0x50	17:08:37.441	-0.0503	-1.2290	-0.4834	-75.3174	-48.8892	149.4141	-132.5116	17.3254	141.6193	0.0000 
0x50	17:08:37.501	-0.2510	-0.7559	-0.2432	-78.4302	-75.0732	222.9614	-136.6974	24.2908	138.4222	0.0000 
0x50	17:08:37.521	-0.5020	0.4014	-0.3989	122.2534	-70.2515	475.8911	-140.8337	36.8152	127.2876	0.0000 
0x50	17:08:37.598	-0.5371	1.1602	-0.7217	123.1689	-42.4805	308.3496	-146.5247	48.4717	110.8136	0.0000 
0x50	17:08:37.602	-0.4634	0.9863	-0.8403	118.8965	-32.8369	3.5400	-149.6997	53.9209	100.8380	0.0000 
0x50	17:08:37.641	-0.5571	0.3755	-0.4990	146.3013	-82.7637	-130.4932	-142.2949	53.8715	104.9359	0.0000 
0x50	17:08:37.681	-0.7002	-0.3638	-0.0151	160.3394	-139.2212	-196.4111	-128.1885	53.1024	115.2466	0.0000 
0x50	17:08:37.721	-0.9414	-1.5151	0.3652	-7.2021	-105.7739	-339.7827	-113.8129	47.1808	130.0452	0.0000 
0x50	17:08:37.784	-0.9243	-1.8252	0.5054	-69.7632	-30.0293	-160.7056	-108.8141	38.2489	139.7076	0.0000 
0x50	17:08:37.801	-0.6768	-1.5752	0.0981	-17.5781	21.5454	23.9868	-109.1711	35.2881	141.6028	0.0000 
0x50	17:08:37.842	-0.7031	-1.0605	0.1113	-84.2285	19.2261	41.9922	-111.0278	36.4142	140.3394	0.0000 
0x50	17:08:37.881	-0.6992	-0.7573	0.0508	-81.6650	28.8696	120.4834	-115.3784	38.6444	138.1586	0.0000 
0x50	17:08:37.920	-0.5938	-0.3965	-0.1328	-62.5610	41.1377	203.4302	-121.0638	43.8190	132.7698	0.0000 
0x50	17:08:37.975	-0.6265	0.1611	-0.4272	-104.9805	-6.8359	171.9360	-129.0948	49.6747	125.8923	0.0000 
0x50	17:08:38.001	-0.7266	0.4395	-0.6040	-6.9580	-35.7056	107.9102	-134.9780	54.6570	121.3770	0.0000 
0x50	17:08:38.041	-0.7554	0.6177	-0.6523	44.2505	-35.6445	3.1738	-135.3625	57.6398	119.6960	0.0000 
0x50	17:08:38.081	-0.7788	0.6416	-0.4512	-106.9336	-60.3638	-254.7607	-130.5121	55.8215	127.3590	0.0000 
0x50	17:08:38.121	-0.7793	-0.1851	-0.0522	-74.8291	-20.9961	-383.2397	-123.9862	47.2302	141.4215	0.0000 
0x50	17:08:38.161	-0.4307	-1.1914	-0.0547	11.1084	32.0435	-365.1733	-118.8281	34.9695	151.2158	0.0000 
0x50	17:08:38.213	-0.0889	-2.0454	-0.1191	-12.5732	9.8877	-168.4570	-116.3397	25.0873	156.0278	0.0000 
0x50	17:08:38.241	-0.1421	-1.6719	-0.2856	-29.2358	10.6201	18.8599	-116.6858	22.7087	156.7310	0.0000 
0x50	17:08:38.281	-0.2261	-1.3340	-0.2886	-30.9448	-16.4185	87.2803	-117.7625	24.7797	155.4126	0.0000 
0x50	17:08:38.322	-0.4385	-1.0747	-0.0645	-25.0244	-11.6577	170.1660	-119.6686	29.5422	153.0450	0.0000 
0x50	17:08:38.398	-0.5630	-0.7285	-0.0415	27.2827	7.9346	297.0581	-122.2614	37.7490	146.8817	0.0000 
0x50	17:08:38.401	-0.6587	-0.2061	-0.1865	149.6582	61.0352	392.2119	-126.6833	48.2574	134.3628	0.0000 
0x50	17:08:38.441	-0.3662	0.0850	-0.8066	455.6885	146.6064	512.7563	-134.1101	59.3372	108.2098	0.0000 
0x50	17:08:38.482	-0.3052	0.2163	-1.4985	252.6245	62.9883	342.7734	-151.5784	65.7861	71.9879	0.0000 
0x50	17:08:38.543	0.0552	0.4355	-1.6587	131.4087	-146.5454	105.6519	-157.7197	70.1367	59.2273	0.0000 
0x50	17:08:38.591	0.0640	0.4805	-0.7070	-10.6201	-400.5737	-119.3237	-129.2542	78.3929	87.3138	0.0000 
0x50	17:08:38.601	-0.8301	0.5049	1.4980	-274.4751	-408.9355	-569.0918	-76.6791	64.5776	150.0568	0.0000 
0x50	17:08:38.642	-0.2974	-1.1431	0.6094	-519.5923	-259.1553	-900.2686	-86.7371	33.0634	160.1367	0.0000 
0x50	17:08:38.682	-0.2739	-2.6235	1.4268	21.6675	15.8081	-99.3652	-89.9121	19.6161	163.9764	0.0000 
0x50	17:08:38.721	0.6011	-2.0000	0.1792	64.3921	168.1519	133.7280	-88.7750	23.0713	156.2146	0.0000 
0x50	17:08:38.775	-0.1494	-1.2163	0.4692	-187.6831	-15.9912	65.4907	-94.0759	25.6970	155.5115	0.0000 
0x50	17:08:38.801	-0.4731	-0.9561	0.4946	-141.1133	66.4673	247.0703	-101.7664	32.0691	152.5012	0.0000 
0x50	17:08:38.841	-0.4751	-0.3857	0.0957	216.0645	255.9204	618.9575	-108.0286	49.5209	134.8792	0.0000 
0x50	17:08:38.881	-0.0479	-0.3579	-0.7397	458.4351	364.3188	770.4468	-137.6202	68.1207	81.7712	0.0000 
0x50	17:08:38.921	0.3794	0.0298	-1.8184	248.7793	182.3120	458.7402	178.5278	65.9454	21.1157	0.0000 
0x50	17:08:39.025	0.5229	0.6387	-1.9399	-3.1738	-223.9990	-32.5317	176.1987	69.9554	16.2378	0.0000 
0x50	17:08:39.025	-0.0674	0.4517	0.1362	-263.5498	-549.9878	-435.5469	-105.5621	78.9093	105.1227	0.0000 
0x50	17:08:39.061	0.0127	-0.8628	0.2939	-653.8696	-423.2178	-1064.5752	-81.9690	47.7081	151.1774	0.0000 
0x50	17:08:39.121	-0.1338	-3.1108	1.8936	171.4478	10.6201	19.1040	-92.0490	15.9082	166.6571	0.0000 
0x50	17:08:39.141	0.8721	-2.1519	0.2554	95.3369	249.2065	193.6646	-87.2974	19.8907	159.1370	0.0000 
0x50	17:08:39.209	-0.3740	-0.9814	0.6709	-228.2104	12.5732	55.8472	-90.5438	25.8124	153.2867	0.0000 
0x50	17:08:39.283	-0.5752	-0.8022	0.6563	-109.8633	207.1533	294.1895	-99.5966	29.7784	149.1394	0.0000 
0x50	17:08:39.283	-0.3394	-0.2661	-0.1270	97.8394	387.5122	497.3145	-110.5884	41.0889	131.2756	0.0000 
0x50	17:08:39.300	0.2930	-0.1763	-0.9209	150.6348	391.1133	490.6006	-128.9685	50.2844	98.1024	0.0000 
0x50	17:08:39.341	0.4023	0.3765	-1.8657	22.2778	103.2715	222.2900	-148.7659	52.2620	65.9729	0.0000 
0x50	17:08:39.403	0.5449	1.0703	-2.0195	-148.9868	-372.1924	-447.9370	-145.3931	52.3663	75.1135	0.0000 
0x50	17:08:39.421	0.0493	0.4575	0.3516	-2.6245	-599.7925	-714.9658	-116.9220	48.4607	117.3724	0.0000 
0x50	17:08:39.461	0.7285	-2.5928	1.8452	191.5283	-252.8076	-825.9277	-94.2957	22.9010	148.8812	0.0000 
0x50	17:08:39.501	-0.6763	-1.6494	2.0181	-118.4692	39.3066	35.0952	-87.9565	13.6285	152.0453	0.0000 
0x50	17:08:39.540	0.6021	-1.9053	0.6265	-105.8350	4.6387	33.9355	-92.4445	12.4365	149.6777	0.0000 
0x50	17:08:39.589	-0.1040	-1.3848	0.8911	-196.1060	83.8623	105.2246	-98.5529	13.5901	148.4363	0.0000 
0x50	17:08:39.621	-0.2407	-0.5898	0.1353	-197.4487	135.2539	257.3242	-107.6770	19.1602	141.9269	0.0000 
0x50	17:08:39.661	-0.2866	-0.2207	-0.4160	-175.9644	128.3569	198.8525	-117.2845	25.4608	132.3523	0.0000 
0x50	17:08:39.701	-0.5459	0.1763	-0.8135	-177.9175	66.5283	-23.9868	-125.9967	25.9387	127.5348	0.0000 
0x50	17:08:39.741	-0.6089	0.1099	-0.8877	-58.0444	13.0005	-88.2568	-130.0836	23.3405	128.6829	0.0000 
0x50	17:08:39.781	-0.5874	-0.0176	-0.7910	43.5791	2.4414	-79.1016	-129.7595	21.2915	130.3033	0.0000 
0x50	17:08:39.829	-0.6870	-0.0571	-0.6089	80.4443	-48.1567	-241.8823	-126.2384	17.6111	134.6924	0.0000 
0x50	17:08:39.862	-0.3247	-0.5415	-0.1401	157.9590	-23.0713	-336.2427	-119.8444	8.6792	142.7399	0.0000 
0x50	17:08:39.901	0.8813	-2.1938	0.3950	95.0928	-29.9683	-180.1758	-114.3787	-0.2417	148.3704	0.0000 
0x50	17:08:39.961	0.5898	-1.9058	0.2778	-29.6631	44.3115	53.6499	-113.7854	-1.2305	148.3759	0.0000 
0x50	17:08:39.981	0.4067	-1.6045	0.0938	-66.0400	4.7607	182.1899	-115.5157	3.2190	145.4260	0.0000 
0x50	17:08:40.021	-0.0444	-1.2256	0.0190	-10.3760	115.8447	407.8979	-117.5592	13.2111	137.2797	0.0000 
0x50	17:08:40.061	0.0112	-0.6323	-0.3496	84.7168	223.8770	619.5068	-121.1462	27.8558	119.1742	0.0000 
0x50	17:08:40.102	0.0913	0.2607	-1.3428	165.4663	184.5093	589.7217	-130.5945	42.7808	93.9056	0.0000 
0x50	17:08:40.141	0.5806	0.7393	-1.9883	260.7422	-162.7197	234.0698	-131.9348	53.2727	79.8431	0.0000 
0x50	17:08:40.205	-0.0786	0.3438	0.0884	28.8086	-552.0630	-301.2695	-103.8593	54.8492	109.1107	0.0000 
0x50	17:08:40.221	-0.3882	-0.9697	0.7715	-231.3843	-522.2778	-685.9131	-87.6874	33.9752	140.4767	0.0000 
0x50	17:08:40.262	-0.6328	-3.1323	2.2739	-69.0308	-214.5386	-222.7783	-88.7915	13.2330	154.4513	0.0000 
0x50	17:08:40.301	0.7026	-2.2676	1.0400	-99.4263	240.2954	112.8540	-93.2574	15.7214	146.1731	0.0000 
0x50	17:08:40.341	0.1240	-1.3965	0.6528	-427.9785	-47.1802	58.4717	-107.0123	18.1165	145.2063	0.0000 
0x50	17:08:40.381	-0.0513	-0.2217	0.1895	-306.3354	119.5679	371.5820	-122.8381	26.4386	137.0654	0.0000 
0x50	17:08:40.442	-0.3989	0.4722	-0.9595	-52.3071	110.2905	534.9121	-137.6807	38.6115	117.4384	0.0000 
0x50	17:08:40.461	-0.2837	0.3818	-1.0767	301.8799	26.6724	626.0986	-147.9749	50.8887	89.6429	0.0000 
0x50	17:08:40.501	-0.1680	0.2773	-0.5845	360.0464	-132.8735	314.6362	-152.2046	61.3806	67.9285	0.0000 
0x50	17:08:40.541	-0.8384	0.7524	0.1816	296.3867	-282.3486	-125.5493	-127.0404	68.0219	81.9910	0.0000 
0x50	17:08:40.581	-0.8208	-0.8833	0.9224	-273.8037	-298.5840	-732.3608	-99.5306	50.1801	120.0201	0.0000 
0x50	17:08:40.630	-0.4805	-2.5796	0.7598	-285.8887	-170.6543	-318.3594	-105.6610	23.0273	145.9863	0.0000 
0x50	17:08:40.661	0.4585	-1.7153	-0.0200	63.2324	189.2090	226.8066	-109.4183	20.0061	145.8270	0.0000 
0x50	17:08:40.701	-0.2134	-0.7964	-0.1147	-61.5845	36.3159	182.3120	-111.3684	26.7297	137.4719	0.0000 
0x50	17:08:40.741	-0.5967	-0.6309	-0.0503	136.0474	162.7808	446.7773	-114.7632	34.5081	130.0012	0.0000 
0x50	17:08:40.781	-0.5210	-0.3950	-0.3101	363.8916	319.8242	688.4155	-121.7560	49.9878	105.7159	0.0000 
0x50	17:08:40.821	0.2520	-0.3130	-1.2095	375.0610	238.2813	589.7217	-146.4642	60.8093	57.5574	0.0000 
0x50	17:08:40.861	0.0620	0.3628	-1.5542	107.6660	-183.5938	42.7856	-162.3999	64.6436	27.6526	0.0000 
0x50	17:08:40.901	-0.2324	-0.2920	-0.1367	-312.5610	-491.2720	-280.0293	-139.9988	72.8888	52.8772	0.0000 
0x50	17:08:40.941	-1.0220	-1.6079	1.1357	-1014.0381	-648.3765	-1088.6841	-93.8397	56.5631	130.1550	0.0000 
0x50	17:08:40.982	-1.2383	-2.6494	1.7871	-358.8257	-223.8159	-313.3545	-106.7596	21.4838	166.7944	0.0000 
0x50	17:08:41.055	0.4766	-1.2852	-0.1958	50.9033	346.9238	300.8423	-112.8351	22.0660	158.0988	0.0000 
0x50	17:08:41.061	-0.2368	-0.3125	-0.7007	-19.0430	114.4409	255.0659	-117.7625	29.8608	142.2784	0.0000 
0x50	17:08:41.101	-0.3813	-0.5376	-0.4648	338.8062	232.0557	498.4131	-119.5258	38.0402	127.5348	0.0000 
0x50	17:08:41.141	-0.4233	-0.4414	-0.5581	535.0342	221.0083	717.5903	-122.9974	54.5691	98.0090	0.0000 
0x50	17:08:41.201	-0.3672	-0.2710	-0.9092	456.2988	45.1660	554.3823	-145.7446	69.8291	50.0812	0.0000 
0x50	17:08:41.242	-0.2466	0.3062	-0.6050	244.0186	-179.8706	225.3418	-172.5623	77.9645	8.6517	0.0000 
0x50	17:08:41.261	-1.0894	0.0039	0.3906	-195.9229	-255.4932	17.2119	151.6553	86.3800	-27.8119	0.0000 
0x50	17:08:41.301	-1.1104	-0.7031	1.0415	-941.6504	-324.3408	-669.1895	-63.1604	77.1185	140.6085	0.0000 
0x50	17:08:41.341	-1.6138	-1.1587	1.1968	-933.5327	-386.9629	-1094.2383	-91.8787	39.2432	155.4181	0.0000 
0x50	17:08:41.381	-0.4053	-1.4458	1.0713	94.1162	300.9033	157.2876	-100.3491	23.7634	160.5212	0.0000 
0x50	17:08:41.429	0.2612	-1.3320	-0.0249	12.8174	280.8228	278.8696	-103.8702	33.6511	143.1409	0.0000 
0x50	17:08:41.461	-0.5498	-0.4375	-0.2056	-117.8589	118.0420	167.2363	-113.1427	38.9410	133.7256	0.0000 
0x50	17:08:41.501	-0.4209	-0.2935	-0.4082	217.8345	264.6484	506.6528	-121.8384	47.9279	114.7192	0.0000 
0x50	17:08:41.541	-0.0488	-0.4526	-0.9888	359.1309	269.8975	618.8354	-140.7458	58.5681	75.4596	0.0000 
0x50	17:08:41.581	0.0854	0.2144	-1.5303	141.4185	-78.4302	242.0044	-158.8513	64.0009	44.3188	0.0000 
0x50	17:08:41.621	-0.8755	0.4854	0.0298	-266.4185	-350.0977	-374.9390	-136.6919	69.2633	72.9492	0.0000 
0x50	17:08:41.672	-0.6318	-1.2046	0.2212	-777.3438	-455.2612	-1027.2217	-109.0833	46.5216	132.9236	0.0000 
0x50	17:08:41.701	-0.7847	-2.3530	0.5215	-448.1201	-337.4634	-624.0234	-117.5262	19.8743	167.5031	0.0000 
0x50	17:08:41.741	0.2627	-1.7124	-0.1831	136.9019	240.2954	333.8013	-118.3392	19.4128	161.9550	0.0000 
0x50	17:08:41.782	0.0049	-0.5488	-0.5850	-45.4712	74.8291	232.1777	-121.3879	25.9003	150.7819	0.0000 
0x50	17:08:41.860	-0.4678	-0.4463	-0.4873	63.4155	5.6763	322.6318	-124.3652	34.7662	143.3221	0.0000 
0x50	17:08:41.881	-0.5630	-0.2275	-0.6162	389.4043	-0.7324	534.9121	-121.8384	50.5042	128.4027	0.0000 
0x50	17:08:41.921	-0.5254	0.0957	-0.9868	504.4556	-47.3022	373.2910	-113.8678	65.8081	114.9500	0.0000 
0x50	17:08:41.961	-0.5127	0.7852	-0.4502	376.4648	-261.0474	116.3940	-78.9258	73.7183	135.1154	0.0000 
0x50	17:08:42.001	-0.7363	-0.4150	0.6978	-211.2427	-245.8496	-297.7905	-65.1270	64.0613	150.7764	0.0000 
0x50	17:08:42.044	-0.4209	-1.3486	0.5630	-1041.1987	-482.2998	-653.3203	-88.2806	37.2437	169.0192	0.0000 
0x50	17:08:42.101	-0.5957	-2.5610	0.9795	-519.1650	-255.4932	-416.3818	-111.0883	17.1881	-172.4084	0.0000 
0x50	17:08:42.121	0.4365	-1.8452	-0.1924	341.6138	343.9331	379.0894	-105.8533	22.6648	172.2821	0.0000 
0x50	17:08:42.161	-0.4814	-0.6265	-0.1362	-11.1084	76.5381	197.8149	-105.8038	32.0361	159.3512	0.0000 
0x50	17:08:42.244	-0.6392	-0.6104	-0.1274	207.3975	158.5083	283.6304	-107.6056	38.5400	151.3257	0.0000 
0x50	17:08:42.245	-0.5674	-0.5024	-0.2983	529.1748	229.4312	551.0254	-105.2435	50.5481	135.5109	0.0000 
0x50	17:08:42.281	-0.3062	-0.3154	-0.8955	608.7036	170.0439	608.7646	-108.8470	70.2301	105.0568	0.0000 
0x50	17:08:42.321	-0.3213	0.6162	-0.8726	446.2280	-86.2427	389.3433	-170.4199	84.2981	20.6268	0.0000