StartTime: 2022-04-21 09:23:05.481
address	Time(s)	ax(g)	ay(g)	az(g)	wx(deg/s)	wy(deg/s)	wz(deg/s)	AngleX(deg)	AngleY(deg)	AngleZ(deg)	T(°) 
0x50	09:23:33.062	0.0518	-0.9707	-0.2222	0.0610	0.0000	-0.0610	-102.8979	-3.0157	171.8756	0.0000 
0x50	09:23:33.113	0.0518	-0.9702	-0.2236	0.0000	0.0000	0.0000	-102.8979	-3.0103	171.8756	0.0000 
0x50	09:23:33.172	0.0518	-0.9697	-0.2227	0.1221	0.0000	-0.0610	-102.8979	-3.0157	171.8756	0.0000 
0x50	09:23:33.213	0.0522	-0.9702	-0.2231	-0.0610	0.0000	0.0610	-102.9034	-3.0103	171.8756	0.0000 
0x50	09:23:33.264	0.0522	-0.9707	-0.2231	0.0000	0.0000	0.0000	-102.9034	-3.0103	171.8756	0.0000 
0x50	09:23:33.314	0.0532	-0.9697	-0.2222	0.0610	0.0000	0.0000	-102.8979	-3.0103	171.8756	0.0000 
0x50	09:23:33.364	0.0518	-0.9697	-0.2227	-0.0610	0.0000	0.0000	-102.8979	-3.0103	171.8756	0.0000 
0x50	09:23:33.414	0.0522	-0.9702	-0.2231	0.0000	0.0000	0.0000	-102.9034	-3.0103	171.8756	0.0000 
0x50	09:23:33.466	0.0527	-0.9702	-0.2227	0.0610	0.0000	0.0000	-102.8979	-3.0103	171.8756	0.0000 
0x50	09:23:33.516	0.0518	-0.9702	-0.2236	0.0000	0.0000	0.0000	-102.9034	-3.0103	171.8756	0.0000 
0x50	09:23:33.590	0.0518	-0.9702	-0.2227	-0.1831	0.0000	0.0000	-102.9034	-3.0103	171.8756	0.0000 
0x50	09:23:33.616	0.0518	-0.9702	-0.2217	0.1831	0.0000	0.0000	-102.9034	-3.0103	171.8756	0.0000 
0x50	09:23:33.667	0.0513	-0.9707	-0.2227	-0.0610	0.0000	0.0000	-102.9034	-3.0103	171.8756	0.0000 
0x50	09:23:33.717	0.0522	-0.9702	-0.2222	0.1221	0.0000	0.0000	-102.9034	-3.0103	171.8756	0.0000 
0x50	09:23:33.781	0.0518	-0.9697	-0.2231	0.0000	0.0000	0.0000	-102.8979	-3.0103	171.8756	0.0000 
0x50	09:23:33.817	0.0522	-0.9702	-0.2231	0.0000	0.0000	0.0000	-102.8979	-3.0103	171.8756	0.0000 
0x50	09:23:33.868	0.0522	-0.9697	-0.2231	0.0000	0.0000	0.0000	-102.9034	-3.0103	171.8756	0.0000 
0x50	09:23:33.919	0.0537	-0.9692	-0.2231	0.1221	0.0000	0.0000	-102.8979	-3.0103	171.8756	0.0000 
0x50	09:23:33.971	0.0537	-0.9697	-0.2227	-0.1831	0.0000	0.1221	-102.8979	-3.0157	171.8756	0.0000 
0x50	09:23:34.019	0.0513	-0.9707	-0.2236	0.0610	0.0000	-0.0610	-102.9034	-3.0103	171.8756	0.0000 
0x50	09:23:34.070	0.0518	-0.9712	-0.2231	-0.2441	0.0000	0.1831	-102.9034	-3.0103	171.8756	0.0000 
0x50	09:23:34.118	0.0522	-0.9692	-0.2236	0.3052	0.0000	-0.1221	-102.9034	-3.0103	171.8756	0.0000 
0x50	09:23:34.199	0.0513	-0.9697	-0.2236	0.1221	0.0000	0.0000	-102.9034	-3.0103	171.8701	0.0000 
0x50	09:23:34.220	0.0532	-0.9702	-0.2217	0.0000	0.0000	0.0000	-102.8979	-3.0157	171.8756	0.0000 
0x50	09:23:34.271	0.0518	-0.9702	-0.2222	0.0610	0.0000	-0.1831	-102.9034	-3.0103	171.8756	0.0000 
0x50	09:23:34.321	0.0513	-0.9707	-0.2241	0.1221	0.0000	-0.0610	-102.9089	-3.0103	171.8756	0.0000 
0x50	09:23:34.388	0.0527	-0.9692	-0.2227	0.1831	0.0000	-0.0610	-102.8979	-3.0103	171.8756	0.0000 
0x50	09:23:34.420	0.0513	-0.9702	-0.2222	0.0610	0.0000	0.0000	-102.8979	-3.0103	171.8756	0.0000 
0x50	09:23:34.472	0.0542	-0.9688	-0.2236	-0.1831	0.0000	0.1831	-102.9034	-3.0103	171.8756	0.0000 
0x50	09:23:34.522	0.0537	-0.9692	-0.2212	0.0000	0.0610	-0.2441	-102.8979	-3.0157	171.8756	0.0000 
0x50	09:23:34.579	0.0503	-0.9717	-0.2236	-0.1831	0.0000	0.3662	-102.9089	-3.0048	171.8701	0.0000 
0x50	09:23:34.623	0.0527	-0.9707	-0.2227	-0.1221	0.0000	0.2441	-102.8979	-3.0157	171.8701	0.0000 
0x50	09:23:34.673	0.0518	-0.9707	-0.2227	0.3052	0.0610	-0.1831	-102.8979	-3.0157	171.8701	0.0000 
0x50	09:23:34.723	0.0522	-0.9707	-0.2227	-0.6104	0.0000	0.4883	-102.9034	-3.0157	171.8701	0.0000 
0x50	09:23:34.774	0.0513	-0.9697	-0.2227	0.7324	0.0000	-0.4272	-102.8925	-3.0157	171.8701	0.0000 
0x50	09:23:34.825	0.0513	-0.9707	-0.2246	0.0000	0.0000	0.0610	-102.8979	-3.0103	171.8701	0.0000 
0x50	09:23:34.875	0.0532	-0.9697	-0.2222	0.0000	0.0000	0.0000	-102.8925	-3.0157	171.8701	0.0000 
0x50	09:23:34.926	0.0518	-0.9702	-0.2231	0.2441	0.0000	-0.1221	-102.9034	-3.0157	171.8701	0.0000 
0x50	09:23:34.999	0.0522	-0.9702	-0.2236	-0.0610	0.0000	0.0610	-102.8979	-3.0157	171.8701	0.0000 
0x50	09:23:35.026	0.0518	-0.9697	-0.2227	0.0000	0.0000	0.0000	-102.8925	-3.0157	171.8701	0.0000 
0x50	09:23:35.076	0.0503	-0.9712	-0.2256	0.0000	0.0000	-0.0610	-102.9034	-3.0103	171.8701	0.0000 
0x50	09:23:35.126	0.0527	-0.9702	-0.2217	0.0610	0.0610	-0.2441	-102.8979	-3.0157	171.8701	0.0000 
0x50	09:23:35.194	0.0518	-0.9712	-0.2231	0.4272	0.0000	-0.2441	-102.9089	-3.0103	171.8701	0.0000