StartTime: 2022-05-21 16:07:24.133
address	Time(s)	ax(g)	ay(g)	az(g)	wx(deg/s)	wy(deg/s)	wz(deg/s)	AngleX(deg)	AngleY(deg)	AngleZ(deg)	T(°)	hx	hy	hz	q0	q1	q2	q3 
0x50	16:07:44.313	-0.1533	-1.9575	0.8276	-0.2441	0.3662	0.2441	-67.3462	4.3451	-173.7927	22.4800	-6	211	-403	0.06595	0.00156	0.55493	-0.82925 
0x50	16:07:44.392	-0.1548	-1.9565	0.8267	0.0000	-0.1221	0.0000	-67.3517	4.3506	-173.7817	22.4700	-6	211	-403	0.06595	0.00156	0.55493	-0.82925 
0x50	16:07:44.488	-0.1538	-1.9570	0.8276	-0.3052	-0.0610	0.2441	-67.3462	4.3396	-173.7598	22.4700	-7	212	-402	0.06595	0.00156	0.55493	-0.82925 
0x50	16:07:44.552	-0.1563	-1.9585	0.8262	-0.0610	0.3052	-0.5493	-67.3462	4.3341	-173.7488	22.4700	-7	212	-402	0.06595	0.00156	0.55493	-0.82925 
0x50	16:07:44.731	-0.1519	-1.9556	0.8276	-0.4272	-0.4272	0.2441	-67.3462	4.3286	-173.7378	22.4700	-7	212	-402	0.06622	0.00119	0.55493	-0.82922 
0x50	16:07:44.811	-0.1548	-1.9575	0.8267	-0.2441	-0.1221	0.1831	-67.3462	4.3176	-173.6993	22.5000	-7	212	-402	0.06622	0.00119	0.55493	-0.82922 
0x50	16:07:44.917	-0.1543	-1.9565	0.8271	-0.0610	0.6714	0.1221	-67.3462	4.3286	-173.6938	22.5000	-8	212	-403	0.06622	0.00119	0.55493	-0.82922 
0x50	16:07:44.972	0.0132	-2.0869	0.5942	138.8550	-130.1880	-196.1060	-64.3140	-8.1079	-173.3862	22.5000	-8	212	-403	0.06622	0.00119	0.55493	-0.82922 
0x50	16:07:45.142	-0.0171	-2.0229	0.5654	-314.6362	884.3994	60.4248	-69.8456	10.1843	171.6998	22.5000	-8	212	-403	0.07037	-0.16299	0.43491	-0.88278 
0x50	16:07:45.152	-0.1597	-2.1929	1.1270	-167.7856	169.6777	11.5356	-107.7649	10.6348	139.9384	22.5000	-8	212	-403	0.07037	-0.16299	0.43491	-0.88278 
0x50	16:07:45.306	-0.0205	-1.9766	0.7676	189.6973	331.6650	359.1919	-103.4308	27.1198	112.6428	22.4900	-174	190	-663	0.07037	-0.16299	0.43491	-0.88278 
0x50	16:07:45.386	0.3765	-2.0513	0.5957	181.0913	253.3569	363.7695	-116.9330	59.8865	65.9399	22.4900	-174	190	-663	0.07037	-0.16299	0.43491	-0.88278 
0x50	16:07:45.541	0.2437	-2.1206	0.3599	-328.7964	-260.8643	-158.0811	-67.1484	62.7155	126.2714	22.4900	-174	190	-663	-0.11890	0.71881	0.11111	-0.67584 
0x50	16:07:45.566	-0.0337	-2.7920	1.1841	-508.6060	-129.6997	-242.9199	-92.0050	31.5308	165.0092	22.4900	-174	190	-663	-0.11890	0.71881	0.11111	-0.67584 
0x50	16:07:45.646	-0.6084	-1.6885	0.8066	166.1987	476.3794	7.0801	-104.8480	0.3186	132.0557	22.5100	-174	190	-663	-0.11890	0.71881	0.11111	-0.67584 
0x50	16:07:45.800	0.2090	-2.4814	0.8164	15.9302	423.8281	622.4976	-104.6393	36.8646	85.3748	22.5100	-237	186	-651	-0.11890	0.71881	0.11111	-0.67584 
0x50	16:07:45.940	0.6958	-1.4512	0.6514	-131.3477	-88.8672	-8.3008	-117.0703	72.5098	72.9547	22.5100	-237	186	-651	-0.08688	0.75180	0.16257	-0.63309 
0x50	16:07:45.985	-0.2217	-2.6025	0.9976	-274.9023	-155.5786	-485.7788	-92.0160	26.8616	135.3241	22.5100	-237	186	-651	-0.08688	0.75180	0.16257	-0.63309 
0x50	16:07:46.060	-0.2764	-1.6489	0.9448	4.3945	-266.8457	-36.9263	-96.4050	7.5970	156.9452	22.5300	-237	186	-651	-0.08688	0.75180	0.16257	-0.63309 
0x50	16:07:46.340	0.1514	-2.0742	0.6509	54.5044	129.3335	126.1597	-72.9987	43.6816	136.0657	22.5300	-147	210	-651	-0.07748	0.46313	0.41678	-0.77829 
0x50	16:07:46.401	-0.0557	-1.5420	0.8140	-88.5010	121.8262	-67.4438	-85.0726	40.9790	123.3875	22.5300	-147	210	-651	-0.07748	0.46313	0.41678	-0.77829 
0x50	16:07:46.482	-0.1763	-2.0474	0.8218	-7.0801	-331.4819	-174.8657	-74.2511	23.1317	151.8365	22.5200	-147	210	-651	-0.07748	0.46313	0.41678	-0.77829 
0x50	16:07:46.560	-0.0864	-2.0313	0.9023	-32.4707	-53.5278	34.1187	-69.6973	9.2780	-179.5331	22.5200	-75	282	-756	-0.07748	0.46313	0.41678	-0.77829 
0x50	16:07:46.765	-0.1494	-1.9775	0.8340	46.3257	12.8784	9.4604	-67.8900	14.4690	173.8696	22.5200	-75	282	-756	0.02618	0.13373	0.54926	-0.82443 
0x50	16:07:46.815	-0.1113	-1.9712	0.8564	37.6587	-26.0620	10.0708	-63.2428	12.7441	-179.4122	22.5200	-75	282	-756	0.02618	0.13373	0.54926	-0.82443 
0x50	16:07:46.895	-0.1128	-1.9785	0.8296	18.9819	-24.6582	1.5869	-60.0897	12.2498	-177.5665	22.5300	-75	282	-756	0.02618	0.13373	0.54926	-0.82443 
0x50	16:07:46.975	-0.1265	-1.9756	0.8481	-3.1128	-16.3574	-13.7939	-59.5953	10.2557	-176.0449	22.5300	-93	301	-721	0.02618	0.13373	0.54926	-0.82443 
0x50	16:07:47.055	-0.1313	-1.9692	0.8667	-31.6162	-37.7197	-18.3105	-61.8750	6.8445	-173.2928	22.5300	-93	301	-721	0.02618	0.13373	0.54926	-0.82443 
0x50	16:07:47.234	-0.1377	-1.9717	0.8770	-34.1187	-25.5127	-12.6953	-65.3357	3.9166	-170.6836	22.5300	-93	301	-721	0.08160	0.01486	0.51904	-0.85068 
0x50	16:07:47.339	-0.1392	-1.9653	0.8789	-19.9585	-11.9019	-2.6855	-67.8516	2.6697	-169.0521	22.5400	-93	301	-721	0.08160	0.01486	0.51904	-0.85068 
0x50	16:07:47.395	-0.1367	-1.9644	0.8760	3.1738	2.5024	5.7373	-68.3130	2.8235	-168.2611	22.5400	-110	267	-621	0.08160	0.01486	0.51904	-0.85068 
0x50	16:07:47.474	-0.1323	-1.9648	0.8599	22.7661	22.8882	11.1694	-66.6925	4.3011	-168.9972	22.5400	-110	267	-621	0.08160	0.01486	0.51904	-0.85068 
0x50	16:07:47.639	-0.1260	-1.9688	0.8491	21.7285	4.3945	10.0708	-64.4568	5.7458	-169.4092	22.5400	-110	267	-621	0.10095	-0.01437	0.54425	-0.83267 
0x50	16:07:47.654	-0.1040	-1.9912	0.7905	-0.7324	-51.0254	4.3945	-63.2483	5.6799	-167.7942	22.5400	-110	267	-621	0.10095	-0.01437	0.54425	-0.83267 
0x50	16:07:47.814	-0.1377	-1.9814	0.8560	-7.1411	20.3247	-6.7139	-63.8196	5.0043	-167.6898	22.5400	-105	288	-659	0.10095	-0.01437	0.54425	-0.83267 
0x50	16:07:47.894	-0.1289	-1.9707	0.8716	-16.8457	-26.1841	-11.4136	-65.3302	3.0322	-165.6793	22.5400	-105	288	-659	0.10095	-0.01437	0.54425	-0.83267 
0x50	16:07:48.039	-0.1377	-1.9678	0.8740	-10.7422	-12.1460	-9.0942	-66.6211	1.8677	-165.1135	22.5400	-105	288	-659	0.11765	-0.05209	0.54318	-0.82968 
0x50	16:07:48.074	-0.1362	-1.9653	0.8745	-0.4272	-1.2207	-3.6011	-67.0825	1.0876	-164.4159	22.5400	-105	288	-659	0.11765	-0.05209	0.54318	-0.82968 
0x50	16:07:48.156	-0.1362	-1.9658	0.8652	9.0942	8.8501	2.8687	-66.4783	1.4612	-164.7400	22.5600	-105	288	-659	0.11765	-0.05209	0.54318	-0.82968 
0x50	16:07:48.344	-0.1318	-1.9673	0.8569	10.3149	10.4980	8.3008	-65.4730	2.6147	-165.4156	22.5600	-111	271	-625	0.11765	-0.05209	0.54318	-0.82968 
0x50	16:07:48.438	-0.1274	-1.9678	0.8560	4.2114	5.9814	9.0942	-64.8798	3.7628	-165.6189	22.5600	-111	271	-625	0.12186	-0.04169	0.53580	-0.83444 
0x50	16:07:48.494	-0.1255	-1.9697	0.8594	-3.2959	-1.1597	4.8828	-65.0006	4.4275	-165.4266	22.5600	-111	271	-625	0.12186	-0.04169	0.53580	-0.83444 
0x50	16:07:48.582	-0.1265	-1.9707	0.8667	-7.3853	-8.7280	-1.5869	-65.6543	4.2133	-164.7345	22.5600	-111	271	-625	0.12186	-0.04169	0.53580	-0.83444 
0x50	16:07:48.648	-0.1294	-1.9707	0.8711	-5.4932	-8.7280	-6.6528	-66.3080	3.3893	-164.0643	22.5600	-105	282	-638	0.12186	-0.04169	0.53580	-0.83444 
0x50	16:07:48.839	-0.1333	-1.9702	0.8696	-0.9766	-5.0049	-8.7891	-66.5607	2.4005	-163.7347	22.5600	-105	282	-638	0.12994	-0.05948	0.54565	-0.82571 
0x50	16:07:48.908	-0.1348	-1.9678	0.8643	3.4180	0.0610	-6.4087	-66.3574	1.7194	-163.8281	22.5600	-105	282	-638	0.12994	-0.05948	0.54565	-0.82571 
0x50	16:07:48.983	-0.1343	-1.9658	0.8594	3.5400	1.7090	-1.0986	-65.9949	1.5710	-164.0259	22.5700	-105	282	-638	0.12994	-0.05948	0.54565	-0.82571 
0x50	16:07:49.064	-0.1328	-1.9673	0.8594	0.8545	2.6245	4.4556	-65.8191	1.9720	-164.0588	22.5700	-113	273	-630	0.12994	-0.05948	0.54565	-0.82571 
0x50	16:07:49.143	-0.1294	-1.9673	0.8633	-1.8921	1.4038	7.8735	-65.9180	2.7411	-163.9160	22.5700	-113	273	-630	0.12994	-0.05948	0.54565	-0.82571 
0x50	16:07:49.325	-0.1274	-1.9683	0.8687	-2.1973	0.3052	6.9580	-66.1377	3.4607	-163.6359	22.5700	-113	273	-630	0.13046	-0.05597	0.54147	-0.82861 
0x50	16:07:49.403	-0.1265	-1.9697	0.8691	-0.3662	0.4883	2.3804	-66.2476	3.8617	-163.4930	22.5800	-113	273	-630	0.13046	-0.05597	0.54147	-0.82861 
0x50	16:07:49.483	-0.1274	-1.9697	0.8672	1.2817	0.3052	-2.5635	-66.1761	3.8068	-163.5315	22.5800	-107	280	-629	0.13046	-0.05597	0.54147	-0.82861 
0x50	16:07:49.581	-0.1299	-1.9688	0.8638	1.1597	-1.5259	-5.9814	-66.0498	3.3234	-163.6743	22.5800	-107	280	-629	0.13046	-0.05597	0.54147	-0.82861 
0x50	16:07:49.772	-0.1318	-1.9673	0.8613	-0.7324	-3.7231	-6.7749	-66.0553	2.6202	-163.6633	22.5800	-107	280	-629	0.13373	-0.05438	0.54245	-0.82755 
0x50	16:07:49.773	-0.1328	-1.9668	0.8618	-2.3193	-4.5166	-3.7231	-66.2421	2.0380	-163.4326	22.5800	-107	280	-629	0.13373	-0.05438	0.54245	-0.82755 
0x50	16:07:49.898	-0.1333	-1.9673	0.8652	-2.2583	-2.1973	0.7935	-66.4838	1.9061	-163.1525	22.5900	-112	273	-626	0.13373	-0.05438	0.54245	-0.82755 
0x50	16:07:50.011	-0.1318	-1.9678	0.8672	0.0000	1.7090	4.6997	-66.5607	2.3071	-163.0151	22.5900	-112	273	-626	0.13373	-0.05438	0.54245	-0.82755 
0x50	16:07:50.138	-0.1299	-1.9688	0.8667	2.1362	4.7607	6.5308	-66.4069	3.0487	-163.1250	22.5900	-112	273	-626	0.13556	-0.06226	0.54514	-0.82495 
0x50	16:07:50.158	-0.1270	-1.9678	0.8643	2.7466	4.8828	4.8828	-66.1542	3.7738	-163.3722	22.5900	-112	273	-626	0.13556	-0.06226	0.54514	-0.82495 
0x50	16:07:50.398	-0.1279	-1.9702	0.8633	-1.2817	-2.5635	-3.2349	-66.0278	3.9221	-163.5590	22.5800	-107	280	-632	0.13556	-0.06226	0.54514	-0.82495 
0x50	16:07:50.537	-0.1299	-1.9678	0.8647	-2.8687	-5.6152	-5.3101	-66.2640	3.3179	-163.3337	22.5800	-107	280	-632	0.13751	-0.05252	0.54364	-0.82629 
0x50	16:07:50.586	-0.1318	-1.9673	0.8662	-2.6245	-4.8218	-4.7607	-66.5222	2.6422	-163.0536	22.5800	-107	280	-632	0.13751	-0.05252	0.54364	-0.82629 
0x50	16:07:50.657	-0.1328	-1.9683	0.8662	-0.3662	-1.4038	-2.0752	-66.6376	2.2687	-162.8943	22.5900	-107	280	-632	0.13751	-0.05252	0.54364	-0.82629 
0x50	16:07:50.825	-0.1313	-1.9658	0.8652	1.4648	2.0752	2.0142	-66.5607	2.3785	-162.9327	22.5900	-112	273	-625	0.13751	-0.05252	0.54364	-0.82629